600 0.1
10000100000101110101010011110110000101111111001000010001010001000001111100101110011100110110010110011110101010011011100011110011101110010010001100110100100010000001101001011011
01010011110100110001011011011111000011100111001100010001010010010100110111101101101001111111001101110000110111011100001100000001010111111010110010000100011111100000100101110010
11101000000101100100111110011011111100001110000101000110101111111011111110000011100010100010010110010001001110010100110011100111010111001010001000100101111111010000111101010001
11010011001011001001011001101001000111011100101011010001001101001001100001011001000001110011101001111100100111101111110010010101111111111111000111011110001101111001001100100100
01110111000101000101010101111011011001100011111010010101000101111001011100110110101111011110011000010011111110000000000111001110011000011000000010100011010100101010000110000011
01011011010111101011100101001001101111010110110001100111001011011110011101001000101001001001101111100110011101111110110011100101101111110011011000000011111010101101010110111000
11011111100101100011011100011011001101101000011001010001010110000101110111001110001111111001011000011010110000000000010001001010110110101100001111011110011011100010011000101000
10000110010001011011100111011101000001101000010111001110001010000001110001010010010110001100011010111101101010010111110001011101001011010100010011111011100001011100101010011010
11101000101100110011111110011000101110101001001110000000010110110111001000111101100011110110100100000101010001101101111010100001101100001000010000110101000000110110011010100011
11100111100010001110011110010011101101010010011111101000110100100010110010010011011001100011010100101101101011001011001110100000010100011010111110111000100101011010111011101111
00110001010101000001110011100010111111110111000011000111101110001011100101000000010001111010010111000111101010100110100100111001010011010001000110100110100101110100100011111000
10111100001011011010001011011101100110110011010111100111001000111001010111010011000011010001101110001100110000000000111001110001011110000000111010011011000100010110000000011010
01100000100110001100001111101010100011001000101010000010010001010010001101010110100101110100000001001000111101010100011010000111110100111010000010100101010011000111011011000000
00111001101011110100101010110101010000100111011100100111100011101101010011001011100000011110111101010000010101101010000011000001000101000000000110001110101110000101111010101101
10110100000110100011011011011001000100010100000111101001010001110110011110000011111010000001001110011101010100001000101100110100100100000110111100101001101001101111100000110010
01000101101111110011010011010000001100100111011011100110001010111110101001100011110001101100100111110101110110001100101011000010011111101011111001001100111100010010101111111100
01101000111000110101001010000010110011011101101010011101001011110001001110110011000111110111101101101001010011000100100101001101001011001010010011010000100111001011110011010001
10110101100011001000001001100100010100101010000011111000011010011110100110010110101111100011111000100100011101000100011111010011100010010111001011010011111001111100101100110101
01100111101010000011001100010001010110110100001011111100101010100110111000000011001010111101110101101011011000000010010001100010111010100001101001110100100110100011010111000101
11100111000000011000011010001000000100010110100000111101111011001010111011011101110011011000100001111111011001000110111001101100110001111000101101000000000001111011111000100001
01110011011101100010011111001110011010011100000011101111010011011101000101000001101100111110100010001111000011110010010011001011110001111111101010100110011001000110001010101000
10110010001001110011101001111100100000110110101111111101101100100101011011110100010010100001000001010001001010100011100100110101001000000010001010101100100011011110101011111101
11001111111011110111010010010001111110011100011010100010000001001101100011010011001100110110110001010010110001001011110101111101111100000111000101110110111011100001101000000000
11000101100010000110100100001010110011010011111001110101000010110100110111111011010001111111100011111100111100001010101011100001010101110001110001111110000100100111111110111011
01000111001001011000000000101001111000010010111010111000000110000010010000011001000101100011010110010101011111011101000101100110011101001011100000001000110101111110000111001011
11110110011010000011010000111001001111110110011000100010101110011011010110100100010110110001000010100010001100110011101000010100111111001101101000001000011010000001010001000000
11100011011001000000100110100010101001000001000111000101001110101100111011010101000001110100101011010001010101001110100100000111010101001010000011010001100011000110101110101110
10101010000101111111111101000111101111011010001110001110001110001101101011101111001110110111101010001000001010111001011000110010110001110000100000101110110000111110110001100001
11100101011011110101101010100001000110011101000000010000100111110001001001101000100001101000001101101111010010000010000011110111101111110000000100001111110001000101010100010100
11111001111000101101000100110000001010111011010101001011111001011111100101110100100101001101111010001110110100111000110111101111100100011000110110100001111011010010110000101101
01010101101110100101111010101011100011110111011101100100101011000100110101000000011100100001000001101111000110100101010100000000000011100111000111110000001110100011011110101000
10110000101010010001111011010010110010011111011011101000100100011011000101110001000000000011010111110001000001011101011000011111010000111010000100110111101110111010111110100000
11100011011011110011011010000001010000001101100111001010101010111110100011001111000000110001000110101011001100011001101000000001111100111101001011110110101111111000101010110110
10011110000010001110100011010000011100010011110010101111001110100010011010110100001100111000011010000100111011101001001101000000011101110000101111010011101001010010010111000111
10100110010111110111000101001101110000110011101101100101000000000101111010011001110111011001011100011101101110111100000011011011001010010110010101111100011100011011010100110101
11110001101011110000111101111100111011001010000010111101111010100001101100001001110001000011111100111010000011000001001000101000011011110010110001010000110000011000010000011001
00110100001001111010011110100001111001001010010111111111011001011111111100111000111011101100110110111010011011010000100000111011001100001010000110111000010100100100011011000110
01110000001110110110110001010010101110001000110110111100001100010101111110111110011000001011100000111000101100011010011100110010011111101001011100100000000100110101010110111110
10101101001011011000110010010110110100101001101111110001110000001000111000010111100000111111011110010001011100101101011001110001010010101000110011111010011111100111111101011001
01111100000100011001010011111011100110110110000101110010000000001110101001101010110000011001001111001001100110011001010011111101001000111110010110001111000000000011001111101010
10001010010000001011101010111001001001101101111010010110110110101010010010001001010000000010100111000010011011001101000110001001100010010101100000101110100110011010001000100110
11001000000101110011111001011110110001100101101101100001000001001001010101000011000101111111000010100011110100010011001111110001100010111110111111000100101011011101000111010000
00010001110011100001001110110111111001001101011100001100101011010000010001111001000110100111101101001011011100011100100011011100111110001110001111110101110011001101110111001110
01000101000010101010100110100100011000000011010111001000011111110010110111100001001010011110101010111101101010001111000110101011110111000011101000000001001110100110011011010101
00110110111010111000001010110111101001010010100001000010010010101111000001101110001010000110110011010000110101101001011110000001101101010100111110000000100100110111010101100001
11011111110011110001001010100101010000100011101111111010101111110011100001101110000011010101110010101101101111001101100101011110010101110111000011001111100110000101010010110111
11011101111111100110010010100001111000111011110010110000110010010110110110010111101011011000101101010000101001011000010001111101000100000100101011111001101010011011010110001000
11101110010010011100100001110110101110101101011111010111101100110011001010111011001000111000111000100100001110000100111111010110111111111001001000000011100011011010010011011110
01101100101011100111000010001101011100010000100110000100100111001000001001110000000111000101100110111110010111001001011010101000110111100000011000010001101011101011010010110100
10001000111110000101110111110011000011011110001110101111100101111001100011001011100010010110110101111000110011111101010100111001000010001000000001011110101110011011110011110010
10011110010101111110000110000001110111011110111011001000000100101110101001111111111101110100000001100010000010100100001000100001010100000100001101110010111100000011110010101101
00010001010110001011101011010101110100001100010100100100111010000111110100110010110001110011010011101000101111100100110010011000011011100001101110000000101100101100000011000110
01111011111110011100000001101101010111111100101101110011100100011010000010001101000111101101010100101100100010101100101000101001000000101001010001000110110011000100000011011001
01000001010000100101110001011100101111000110110101010001100110101100100001110100011101100110111110000111100101000111110010100100010001110011000100100100100010000001101111100000
00000110110000101101011101111101110111101100111010100010111110011010101110101111000011010010100010111001011000100110101111011101010100101111000011110101001010000110110000111100
10100011001111011001100111010100111001100101010000101000111111111011101101100100101010110111100001001001111111111110001001110011110111011101110000100011010110111110100000110001
01110000111001111011100010010100010000111000001010110000011010001010010110010000010101111000000010101100110101100001100011011110101011100001010101011011110100010001110111000101
11111011111100001011100111110100010001001011000111110001010100101110101100101111100111111001101010011101010010111001000000011011100100001001110010111111000001010110001001010011
11001010111011100101001000100111011110101110111000100001100000100011001001000101100100001010100110111001100011001110001010011000100111110000000101111000110010010100011000000000
00010011111100111010101111110011011110011100001110001011100000000011110001110100111101010000110000101001001011001010111011010000000111111010001100000000010001110000011101000000
00101100110001010001101000111001010011111000011101010000001101011010100110001110001100101101111110101010001100011101011001111001110011011101111101111011100010101010110011100011
10000011101101001001111010001100011101100110000111001110111100011011000100011010010001001000000010101110000111010110000101000110100011010101101111011110001001110010110100010100
11101101111101001010001011000110001101111001100011000101111011110011011111000011011010101000101011001011101001001010100011111001001100001111100011001011101000011001110100010001
11010100011000101100111011000011011001001011111101010000100110010111001110100111101100101101011100001010011101110000100000101111010010001111011010000100010111111000010111010100
00000110110101011000011000010001100001111100010001111110111011100101101010011100010001000011110010110000010111010010110010001101111001011000000001000000110011001011110100111011
10111100011101001111001011110001010100010111111011010101000101001001010101010110100110101010110100001000010011111111100010001000011011001011010010011010000110001101000011100000
01110001011011011011011100110111000101011011011110101011001010001100100011010101100101010100101100110010100100100001111001100001001101100111111111110011110001011100000101001100
00010101011000000101111010101100001001110001001001000110010101011001111100101011010011010100101110101101010010111101010100110101111011000010001000001110101111111101101100001110
10010101111110001010001011110110011110011110100110011110001110011000011010011101000001100101000011001111001001000011101011101101000111110100001111010000100001111010110000001010
11111100100100110010010111001101000010001000011101111001111010001010100000000111010101001111111011111101001001100000110000001111011010000001110100100110101010100010101011000110
01101001011101100110100111011101101110011001010101010010100101110010110011001100100011110100110000001101010000000010001111011000011110100000011000100010101010111101111100101111
10011101010100111111100100000011110010001000001110001011101111010000001100100111000011001110100111000000111000011100000000101001000110000100011010001101000001001100101011111000
11111000010111011110000010001100110100000101111001011101001000110010111011001000101010011011010000010011101110000001101000011100100010001010100101011100110100101011010010000101
01001100110110011001000000100001011111101110111110000111001000011011100111000101011010111101101011111010110010011100110010001100000011010011100001110101001100111110000101011000
00010111110010010110000110011110101101011010011000000010001001011010001110011000011100000100101001001001110111000100010110111000101100000100001000011010001001110011100111111101
10100011011001000111010111101010001011001101101100000110011000000011111101010111111010001111010111101000010001111011111000100101101110110111101111110110000100010000100001010000
00111010110110001111100111001000010101011110100010000111110111011011001001101001001110011001001000100011011100100101110010010111010101001100000100100010100001000111100010100111
10101000101001011110111010110101111100000111000101001000011100101000001100101000000010101100010001111010011000101110100001101110010000100000100101011111000110001000101111000011
10001110111001000101011010110111111000001001010110010101011010001110010110100010110101001001110010001111111000100010111110101001011100110101010011000001000011010001011111110011
11111000001010011101000111110100101001100110101011100011001000101010110011111001101000010111000101110100011011100110100111010000111100111000010000111101010101000011011111101110
